-803.563 -803.563 -772.842 -772.842 -772.842 -699.437 -699.437 -650.199 -650.199 -650.199 -604.887 -604.887 -604.887 -578.903 -578.903 -548.850 -548.850 -548.850 -497.321 -497.321 -497.321 -452.003 -452.003 -396.243 -396.243 -396.243 -347.124 -347.124 -347.124 -251.947 -251.947 -174.370 -174.370 -174.370 -128.231 -128.231 -128.231 -113.248 -113.248 -106.298 -106.298
-803.563 -803.563 -772.842 -772.842 -772.842 -699.437 -699.437 -650.199 -650.199 -650.199 -604.887 -604.887 -604.887 -578.903 -578.903 -548.850 -548.850 -548.850 -497.321 -497.321 -497.321 -452.003 -452.003 -396.243 -396.243 -396.243 -347.124 -347.124 -347.124 -251.947 -251.947 -174.370 -174.370 -174.370 -128.231 -128.231 -128.231 -113.248 -113.248 -106.298 -106.298
-803.563 -803.563 -772.842 -772.842 -772.842 -699.437 -699.437 -650.199 -650.199 -650.199 -604.887 -604.887 -604.887 -578.903 -578.903 -548.850 -548.850 -548.850 -497.321 -497.321 -497.321 -452.003 -452.003 -396.243 -396.243 -396.243 -347.124 -347.124 -347.124 -251.947 -251.947 -174.370 -174.370 -174.370 -128.231 -128.231 -128.231 -113.248 -113.248 -106.298 -106.298
-774.560 -774.560 -726.271 -726.271 -726.271 -644.329 -644.329 -601.307 -601.307 -601.307 -574.857 -574.857 -574.857 -552.288 -552.288 -506.820 -506.820 -506.820 -452.047 -452.047 -452.047 -408.780 -408.780 -343.179 -343.179 -343.179 -282.978 -282.978 -282.978 -205.254 -205.254 -157.592 -157.592 -157.592 -121.892 -121.892 -121.892 -113.438 -113.438 -103.995 -103.995
-774.560 -774.560 -726.271 -726.271 -726.271 -644.329 -644.329 -601.307 -601.307 -601.307 -574.857 -574.857 -574.857 -552.288 -552.288 -506.820 -506.820 -506.820 -452.047 -452.047 -452.047 -408.780 -408.780 -343.179 -343.179 -343.179 -282.978 -282.978 -282.978 -205.254 -205.254 -157.592 -157.592 -157.592 -121.892 -121.892 -121.892 -113.438 -113.438 -103.995 -103.995
-774.560 -774.560 -726.271 -726.271 -726.271 -644.329 -644.329 -601.307 -601.307 -601.307 -574.857 -574.857 -574.857 -552.288 -552.288 -506.820 -506.820 -506.820 -452.047 -452.047 -452.047 -408.780 -408.780 -343.179 -343.179 -343.179 -282.978 -282.978 -282.978 -205.254 -205.254 -157.592 -157.592 -157.592 -121.892 -121.892 -121.892 -113.438 -113.438 -103.995 -103.995
-774.560 -774.560 -726.271 -726.271 -726.271 -644.329 -644.329 -601.307 -601.307 -601.307 -574.857 -574.857 -574.857 -552.288 -552.288 -506.820 -506.820 -506.820 -452.047 -452.047 -452.047 -408.780 -408.780 -343.179 -343.179 -343.179 -282.978 -282.978 -282.978 -205.254 -205.254 -157.592 -157.592 -157.592 -121.892 -121.892 -121.892 -113.438 -113.438 -103.995 -103.995
-743.020 -743.020 -686.406 -686.406 -686.406 -609.733 -609.733 -577.009 -577.009 -577.009 -548.724 -548.724 -548.724 -508.160 -508.160 -462.866 -462.866 -462.866 -417.153 -417.153 -417.153 -372.906 -372.906 -280.117 -280.117 -280.117 -226.921 -226.921 -226.921 -171.003 -171.003 -131.577 -131.577 -131.577 -117.425 -117.425 -117.425 -110.681 -110.681 -100.999 -100.999
-743.020 -743.020 -686.406 -686.406 -686.406 -609.733 -609.733 -577.009 -577.009 -577.009 -548.724 -548.724 -548.724 -508.160 -508.160 -462.866 -462.866 -462.866 -417.153 -417.153 -417.153 -372.906 -372.906 -280.117 -280.117 -280.117 -226.921 -226.921 -226.921 -171.003 -171.003 -131.577 -131.577 -131.577 -117.425 -117.425 -117.425 -110.681 -110.681 -100.999 -100.999
-743.020 -743.020 -686.406 -686.406 -686.406 -609.733 -609.733 -577.009 -577.009 -577.009 -548.724 -548.724 -548.724 -508.160 -508.160 -462.866 -462.866 -462.866 -417.153 -417.153 -417.153 -372.906 -372.906 -280.117 -280.117 -280.117 -226.921 -226.921 -226.921 -171.003 -171.003 -131.577 -131.577 -131.577 -117.425 -117.425 -117.425 -110.681 -110.681 -100.999 -100.999
-743.020 -743.020 -686.406 -686.406 -686.406 -609.733 -609.733 -577.009 -577.009 -577.009 -548.724 -548.724 -548.724 -508.160 -508.160 -462.866 -462.866 -462.866 -417.153 -417.153 -417.153 -372.906 -372.906 -280.117 -280.117 -280.117 -226.921 -226.921 -226.921 -171.003 -171.003 -131.577 -131.577 -131.577 -117.425 -117.425 -117.425 -110.681 -110.681 -100.999 -100.999
-699.597 -699.597 -645.705 -645.705 -645.705 -588.574 -588.574 -554.652 -554.652 -554.652 -513.735 -513.735 -513.735 -462.094 -462.094 -429.192 -429.192 -429.192 -386.184 -386.184 -386.184 -310.047 -310.047 -222.769 -222.769 -222.769 -182.583 -182.583 -182.583 -137.688 -137.688 -120.607 -120.607 -120.607 -113.395 -113.395 -113.395 -104.601 -104.601 -93.978 -93.978
-699.597 -699.597 -645.705 -645.705 -645.705 -588.574 -588.574 -554.652 -554.652 -554.652 -513.735 -513.735 -513.735 -462.094 -462.094 -429.192 -429.192 -429.192 -386.184 -386.184 -386.184 -310.047 -310.047 -222.769 -222.769 -222.769 -182.583 -182.583 -182.583 -137.688 -137.688 -120.607 -120.607 -120.607 -113.395 -113.395 -113.395 -104.601 -104.601 -93.978 -93.978
-699.597 -699.597 -645.705 -645.705 -645.705 -588.574 -588.574 -554.652 -554.652 -554.652 -513.735 -513.735 -513.735 -462.094 -462.094 -429.192 -429.192 -429.192 -386.184 -386.184 -386.184 -310.047 -310.047 -222.769 -222.769 -222.769 -182.583 -182.583 -182.583 -137.688 -137.688 -120.607 -120.607 -120.607 -113.395 -113.395 -113.395 -104.601 -104.601 -93.978 -93.978
-699.597 -699.597 -645.705 -645.705 -645.705 -588.574 -588.574 -554.652 -554.652 -554.652 -513.735 -513.735 -513.735 -462.094 -462.094 -429.192 -429.192 -429.192 -386.184 -386.184 -386.184 -310.047 -310.047 -222.769 -222.769 -222.769 -182.583 -182.583 -182.583 -137.688 -137.688 -120.607 -120.607 -120.607 -113.395 -113.395 -113.395 -104.601 -104.601 -93.978 -93.978
-667.253 -667.253 -605.835 -605.835 -605.835 -559.357 -559.357 -511.743 -511.743 -511.743 -472.191 -472.191 -472.191 -428.255 -428.255 -387.484 -387.484 -387.484 -325.711 -325.711 -325.711 -235.375 -235.375 -157.925 -157.925 -157.925 -130.409 -130.409 -130.409 -121.137 -121.137 -115.519 -115.519 -115.519 -106.732 -106.732 -106.732 -97.291 -97.291 -86.264 -86.264
-667.253 -667.253 -605.835 -605.835 -605.835 -559.357 -559.357 -511.743 -511.743 -511.743 -472.191 -472.191 -472.191 -428.255 -428.255 -387.484 -387.484 -387.484 -325.711 -325.711 -325.711 -235.375 -235.375 -157.925 -157.925 -157.925 -130.409 -130.409 -130.409 -121.137 -121.137 -115.519 -115.519 -115.519 -106.732 -106.732 -106.732 -97.291 -97.291 -86.264 -86.264
-667.253 -667.253 -605.835 -605.835 -605.835 -559.357 -559.357 -511.743 -511.743 -511.743 -472.191 -472.191 -472.191 -428.255 -428.255 -387.484 -387.484 -387.484 -325.711 -325.711 -325.711 -235.375 -235.375 -157.925 -157.925 -157.925 -130.409 -130.409 -130.409 -121.137 -121.137 -115.519 -115.519 -115.519 -106.732 -106.732 -106.732 -97.291 -97.291 -86.264 -86.264
-667.253 -667.253 -605.835 -605.835 -605.835 -559.357 -559.357 -511.743 -511.743 -511.743 -472.191 -472.191 -472.191 -428.255 -428.255 -387.484 -387.484 -387.484 -325.711 -325.711 -325.711 -235.375 -235.375 -157.925 -157.925 -157.925 -130.409 -130.409 -130.409 -121.137 -121.137 -115.519 -115.519 -115.519 -106.732 -106.732 -106.732 -97.291 -97.291 -86.264 -86.264
-622.036 -622.036 -560.188 -560.188 -560.188 -517.198 -517.198 -478.664 -478.664 -478.664 -438.192 -438.192 -438.192 -382.875 -382.875 -313.807 -313.807 -313.807 -241.961 -241.961 -241.961 -171.750 -171.750 -125.659 -125.659 -125.659 -121.110 -121.110 -121.110 -117.532 -117.532 -111.692 -111.692 -111.692 -102.211 -102.211 -102.211 -89.307 -89.307 -76.995 -76.995
-622.036 -622.036 -560.188 -560.188 -560.188 -517.198 -517.198 -478.664 -478.664 -478.664 -438.192 -438.192 -438.192 -382.875 -382.875 -313.807 -313.807 -313.807 -241.961 -241.961 -241.961 -171.750 -171.750 -125.659 -125.659 -125.659 -121.110 -121.110 -121.110 -117.532 -117.532 -111.692 -111.692 -111.692 -102.211 -102.211 -102.211 -89.307 -89.307 -76.995 -76.995
-622.036 -622.036 -560.188 -560.188 -560.188 -517.198 -517.198 -478.664 -478.664 -478.664 -438.192 -438.192 -438.192 -382.875 -382.875 -313.807 -313.807 -313.807 -241.961 -241.961 -241.961 -171.750 -171.750 -125.659 -125.659 -125.659 -121.110 -121.110 -121.110 -117.532 -117.532 -111.692 -111.692 -111.692 -102.211 -102.211 -102.211 -89.307 -89.307 -76.995 -76.995
-622.036 -622.036 -560.188 -560.188 -560.188 -517.198 -517.198 -478.664 -478.664 -478.664 -438.192 -438.192 -438.192 -382.875 -382.875 -313.807 -313.807 -313.807 -241.961 -241.961 -241.961 -171.750 -171.750 -125.659 -125.659 -125.659 -121.110 -121.110 -121.110 -117.532 -117.532 -111.692 -111.692 -111.692 -102.211 -102.211 -102.211 -89.307 -89.307 -76.995 -76.995
-579.814 -579.814 -517.157 -517.157 -517.157 -478.072 -478.072 -443.485 -443.485 -443.485 -398.716 -398.716 -398.716 -306.722 -306.722 -218.743 -218.743 -218.743 -160.531 -160.531 -160.531 -130.053 -130.053 -121.524 -121.524 -121.524 -117.889 -117.889 -117.889 -111.074 -111.074 -104.036 -104.036 -104.036 -95.301 -95.301 -95.301 -82.319 -82.319 -68.683 -68.683
-579.814 -579.814 -517.157 -517.157 -517.157 -478.072 -478.072 -443.485 -443.485 -443.485 -398.716 -398.716 -398.716 -306.722 -306.722 -218.743 -218.743 -218.743 -160.531 -160.531 -160.531 -130.053 -130.053 -121.524 -121.524 -121.524 -117.889 -117.889 -117.889 -111.074 -111.074 -104.036 -104.036 -104.036 -95.301 -95.301 -95.301 -82.319 -82.319 -68.683 -68.683
-579.814 -579.814 -517.157 -517.157 -517.157 -478.072 -478.072 -443.485 -443.485 -443.485 -398.716 -398.716 -398.716 -306.722 -306.722 -218.743 -218.743 -218.743 -160.531 -160.531 -160.531 -130.053 -130.053 -121.524 -121.524 -121.524 -117.889 -117.889 -117.889 -111.074 -111.074 -104.036 -104.036 -104.036 -95.301 -95.301 -95.301 -82.319 -82.319 -68.683 -68.683
-579.814 -579.814 -517.157 -517.157 -517.157 -478.072 -478.072 -443.485 -443.485 -443.485 -398.716 -398.716 -398.716 -306.722 -306.722 -218.743 -218.743 -218.743 -160.531 -160.531 -160.531 -130.053 -130.053 -121.524 -121.524 -121.524 -117.889 -117.889 -117.889 -111.074 -111.074 -104.036 -104.036 -104.036 -95.301 -95.301 -95.301 -82.319 -82.319 -68.683 -68.683
-538.420 -538.420 -470.543 -470.543 -470.543 -419.975 -419.975 -380.744 -380.744 -380.744 -293.972 -293.972 -293.972 -212.787 -212.787 -159.999 -159.999 -159.999 -131.299 -131.299 -131.299 -124.097 -124.097 -119.219 -119.219 -119.219 -114.678 -114.678 -114.678 -106.585 -106.585 -98.474 -98.474 -98.474 -85.180 -85.180 -85.180 -73.173 -73.173 -60.927 -60.927
-538.420 -538.420 -470.543 -470.543 -470.543 -419.975 -419.975 -380.744 -380.744 -380.744 -293.972 -293.972 -293.972 -212.787 -212.787 -159.999 -159.999 -159.999 -131.299 -131.299 -131.299 -124.097 -124.097 -119.219 -119.219 -119.219 -114.678 -114.678 -114.678 -106.585 -106.585 -98.474 -98.474 -98.474 -85.180 -85.180 -85.180 -73.173 -73.173 -60.927 -60.927
-538.420 -538.420 -470.543 -470.543 -470.543 -419.975 -419.975 -380.744 -380.744 -380.744 -293.972 -293.972 -293.972 -212.787 -212.787 -159.999 -159.999 -159.999 -131.299 -131.299 -131.299 -124.097 -124.097 -119.219 -119.219 -119.219 -114.678 -114.678 -114.678 -106.585 -106.585 -98.474 -98.474 -98.474 -85.180 -85.180 -85.180 -73.173 -73.173 -60.927 -60.927
-538.420 -538.420 -470.543 -470.543 -470.543 -419.975 -419.975 -380.744 -380.744 -380.744 -293.972 -293.972 -293.972 -212.787 -212.787 -159.999 -159.999 -159.999 -131.299 -131.299 -131.299 -124.097 -124.097 -119.219 -119.219 -119.219 -114.678 -114.678 -114.678 -106.585 -106.585 -98.474 -98.474 -98.474 -85.180 -85.180 -85.180 -73.173 -73.173 -60.927 -60.927
-516.465 -516.465 -440.690 -440.690 -440.690 -360.696 -360.696 -292.990 -292.990 -292.990 -221.634 -221.634 -221.634 -158.812 -158.812 -131.340 -131.340 -131.340 -124.574 -124.574 -124.574 -122.069 -122.069 -116.259 -116.259 -116.259 -110.267 -110.267 -110.267 -101.112 -101.112 -90.187 -90.187 -90.187 -76.969 -76.969 -76.969 -67.578 -67.578 -52.331 -52.331
-516.465 -516.465 -440.690 -440.690 -440.690 -360.696 -360.696 -292.990 -292.990 -292.990 -221.634 -221.634 -221.634 -158.812 -158.812 -131.340 -131.340 -131.340 -124.574 -124.574 -124.574 -122.069 -122.069 -116.259 -116.259 -116.259 -110.267 -110.267 -110.267 -101.112 -101.112 -90.187 -90.187 -90.187 -76.969 -76.969 -76.969 -67.578 -67.578 -52.331 -52.331
-516.465 -516.465 -440.690 -440.690 -440.690 -360.696 -360.696 -292.990 -292.990 -292.990 -221.634 -221.634 -221.634 -158.812 -158.812 -131.340 -131.340 -131.340 -124.574 -124.574 -124.574 -122.069 -122.069 -116.259 -116.259 -116.259 -110.267 -110.267 -110.267 -101.112 -101.112 -90.187 -90.187 -90.187 -76.969 -76.969 -76.969 -67.578 -67.578 -52.331 -52.331
-516.465 -516.465 -440.690 -440.690 -440.690 -360.696 -360.696 -292.990 -292.990 -292.990 -221.634 -221.634 -221.634 -158.812 -158.812 -131.340 -131.340 -131.340 -124.574 -124.574 -124.574 -122.069 -122.069 -116.259 -116.259 -116.259 -110.267 -110.267 -110.267 -101.112 -101.112 -90.187 -90.187 -90.187 -76.969 -76.969 -76.969 -67.578 -67.578 -52.331 -52.331
-503.448 -503.448 -375.091 -375.091 -375.091 -278.278 -278.278 -210.562 -210.562 -210.562 -162.977 -162.977 -162.977 -131.066 -131.066 -125.616 -125.616 -125.616 -121.794 -121.794 -121.794 -118.366 -118.366 -111.621 -111.621 -111.621 -105.111 -105.111 -105.111 -94.706 -94.706 -80.933 -80.933 -80.933 -69.121 -69.121 -69.121 -57.528 -57.528 -39.136 -39.136
-503.448 -503.448 -375.091 -375.091 -375.091 -278.278 -278.278 -210.562 -210.562 -210.562 -162.977 -162.977 -162.977 -131.066 -131.066 -125.616 -125.616 -125.616 -121.794 -121.794 -121.794 -118.366 -118.366 -111.621 -111.621 -111.621 -105.111 -105.111 -105.111 -94.706 -94.706 -80.933 -80.933 -80.933 -69.121 -69.121 -69.121 -57.528 -57.528 -39.136 -39.136
-503.448 -503.448 -375.091 -375.091 -375.091 -278.278 -278.278 -210.562 -210.562 -210.562 -162.977 -162.977 -162.977 -131.066 -131.066 -125.616 -125.616 -125.616 -121.794 -121.794 -121.794 -118.366 -118.366 -111.621 -111.621 -111.621 -105.111 -105.111 -105.111 -94.706 -94.706 -80.933 -80.933 -80.933 -69.121 -69.121 -69.121 -57.528 -57.528 -39.136 -39.136
-503.448 -503.448 -375.091 -375.091 -375.091 -278.278 -278.278 -210.562 -210.562 -210.562 -162.977 -162.977 -162.977 -131.066 -131.066 -125.616 -125.616 -125.616 -121.794 -121.794 -121.794 -118.366 -118.366 -111.621 -111.621 -111.621 -105.111 -105.111 -105.111 -94.706 -94.706 -80.933 -80.933 -80.933 -69.121 -69.121 -69.121 -57.528 -57.528 -39.136 -39.136
-456.021 -456.021 -280.570 -280.570 -280.570 -206.758 -206.758 -168.827 -168.827 -168.827 -136.013 -136.013 -136.013 -127.770 -127.770 -123.496 -123.496 -123.496 -118.279 -118.279 -118.279 -113.708 -113.708 -106.783 -106.783 -106.783 -98.963 -98.963 -98.963 -85.584 -85.584 -73.018 -73.018 -73.018 -59.391 -59.391 -59.391 -43.865 -43.865 -25.589 -25.589
-456.021 -456.021 -280.570 -280.570 -280.570 -206.758 -206.758 -168.827 -168.827 -168.827 -136.013 -136.013 -136.013 -127.770 -127.770 -123.496 -123.496 -123.496 -118.279 -118.279 -118.279 -113.708 -113.708 -106.783 -106.783 -106.783 -98.963 -98.963 -98.963 -85.584 -85.584 -73.018 -73.018 -73.018 -59.391 -59.391 -59.391 -43.865 -43.865 -25.589 -25.589
-456.021 -456.021 -280.570 -280.570 -280.570 -206.758 -206.758 -168.827 -168.827 -168.827 -136.013 -136.013 -136.013 -127.770 -127.770 -123.496 -123.496 -123.496 -118.279 -118.279 -118.279 -113.708 -113.708 -106.783 -106.783 -106.783 -98.963 -98.963 -98.963 -85.584 -85.584 -73.018 -73.018 -73.018 -59.391 -59.391 -59.391 -43.865 -43.865 -25.589 -25.589
-456.021 -456.021 -280.570 -280.570 -280.570 -206.758 -206.758 -168.827 -168.827 -168.827 -136.013 -136.013 -136.013 -127.770 -127.770 -123.496 -123.496 -123.496 -118.279 -118.279 -118.279 -113.708 -113.708 -106.783 -106.783 -106.783 -98.963 -98.963 -98.963 -85.584 -85.584 -73.018 -73.018 -73.018 -59.391 -59.391 -59.391 -43.865 -43.865 -25.589 -25.589
-303.633 -303.633 -208.899 -208.899 -208.899 -167.086 -167.086 -141.234 -141.234 -141.234 -129.795 -129.795 -129.795 -126.223 -126.223 -121.823 -121.823 -121.823 -116.733 -116.733 -116.733 -110.280 -110.280 -100.855 -100.855 -100.855 -92.734 -92.734 -92.734 -77.988 -77.988 -65.684 -65.684 -65.684 -47.604 -47.604 -47.604 -28.260 -28.260 -14.612 -14.612
-303.633 -303.633 -208.899 -208.899 -208.899 -167.086 -167.086 -141.234 -141.234 -141.234 -129.795 -129.795 -129.795 -126.223 -126.223 -121.823 -121.823 -121.823 -116.733 -116.733 -116.733 -110.280 -110.280 -100.855 -100.855 -100.855 -92.734 -92.734 -92.734 -77.988 -77.988 -65.684 -65.684 -65.684 -47.604 -47.604 -47.604 -28.260 -28.260 -14.612 -14.612
-303.633 -303.633 -208.899 -208.899 -208.899 -167.086 -167.086 -141.234 -141.234 -141.234 -129.795 -129.795 -129.795 -126.223 -126.223 -121.823 -121.823 -121.823 -116.733 -116.733 -116.733 -110.280 -110.280 -100.855 -100.855 -100.855 -92.734 -92.734 -92.734 -77.988 -77.988 -65.684 -65.684 -65.684 -47.604 -47.604 -47.604 -28.260 -28.260 -14.612 -14.612
-303.633 -303.633 -208.899 -208.899 -208.899 -167.086 -167.086 -141.234 -141.234 -141.234 -129.795 -129.795 -129.795 -126.223 -126.223 -121.823 -121.823 -121.823 -116.733 -116.733 -116.733 -110.280 -110.280 -100.855 -100.855 -100.855 -92.734 -92.734 -92.734 -77.988 -77.988 -65.684 -65.684 -65.684 -47.604 -47.604 -47.604 -28.260 -28.260 -14.612 -14.612
-194.905 -194.905 -167.265 -167.265 -167.265 -139.440 -139.440 -130.644 -130.644 -130.644 -125.527 -125.527 -125.527 -122.465 -122.465 -117.896 -117.896 -117.896 -111.953 -111.953 -111.953 -104.152 -104.152 -94.783 -94.783 -94.783 -84.640 -84.640 -84.640 -70.194 -70.194 -54.991 -54.991 -54.991 -28.291 -28.291 -28.291 -12.124 -12.124 -6.033 -6.033
-194.905 -194.905 -167.265 -167.265 -167.265 -139.440 -139.440 -130.644 -130.644 -130.644 -125.527 -125.527 -125.527 -122.465 -122.465 -117.896 -117.896 -117.896 -111.953 -111.953 -111.953 -104.152 -104.152 -94.783 -94.783 -94.783 -84.640 -84.640 -84.640 -70.194 -70.194 -54.991 -54.991 -54.991 -28.291 -28.291 -28.291 -12.124 -12.124 -6.033 -6.033
-194.905 -194.905 -167.265 -167.265 -167.265 -139.440 -139.440 -130.644 -130.644 -130.644 -125.527 -125.527 -125.527 -122.465 -122.465 -117.896 -117.896 -117.896 -111.953 -111.953 -111.953 -104.152 -104.152 -94.783 -94.783 -94.783 -84.640 -84.640 -84.640 -70.194 -70.194 -54.991 -54.991 -54.991 -28.291 -28.291 -28.291 -12.124 -12.124 -6.033 -6.033
-194.905 -194.905 -167.265 -167.265 -167.265 -139.440 -139.440 -130.644 -130.644 -130.644 -125.527 -125.527 -125.527 -122.465 -122.465 -117.896 -117.896 -117.896 -111.953 -111.953 -111.953 -104.152 -104.152 -94.783 -94.783 -94.783 -84.640 -84.640 -84.640 -70.194 -70.194 -54.991 -54.991 -54.991 -28.291 -28.291 -28.291 -12.124 -12.124 -6.033 -6.033
-161.873 -161.873 -140.963 -140.963 -140.963 -130.550 -130.550 -127.338 -127.338 -127.338 -122.936 -122.936 -122.936 -118.130 -118.130 -112.640 -112.640 -112.640 -104.832 -104.832 -104.832 -99.035 -99.035 -86.333 -86.333 -86.333 -75.419 -75.419 -75.419 -59.574 -59.574 -39.470 -39.470 -39.470 -15.603 -15.603 -15.603 -2.965 -2.965 11.862 11.862
-161.873 -161.873 -140.963 -140.963 -140.963 -130.550 -130.550 -127.338 -127.338 -127.338 -122.936 -122.936 -122.936 -118.130 -118.130 -112.640 -112.640 -112.640 -104.832 -104.832 -104.832 -99.035 -99.035 -86.333 -86.333 -86.333 -75.419 -75.419 -75.419 -59.574 -59.574 -39.470 -39.470 -39.470 -15.603 -15.603 -15.603 -2.965 -2.965 11.862 11.862
-161.873 -161.873 -140.963 -140.963 -140.963 -130.550 -130.550 -127.338 -127.338 -127.338 -122.936 -122.936 -122.936 -118.130 -118.130 -112.640 -112.640 -112.640 -104.832 -104.832 -104.832 -99.035 -99.035 -86.333 -86.333 -86.333 -75.419 -75.419 -75.419 -59.574 -59.574 -39.470 -39.470 -39.470 -15.603 -15.603 -15.603 -2.965 -2.965 11.862 11.862
-161.873 -161.873 -140.963 -140.963 -140.963 -130.550 -130.550 -127.338 -127.338 -127.338 -122.936 -122.936 -122.936 -118.130 -118.130 -112.640 -112.640 -112.640 -104.832 -104.832 -104.832 -99.035 -99.035 -86.333 -86.333 -86.333 -75.419 -75.419 -75.419 -59.574 -59.574 -39.470 -39.470 -39.470 -15.603 -15.603 -15.603 -2.965 -2.965 11.862 11.862
-134.327 -134.327 -127.488 -127.488 -127.488 -125.965 -125.965 -123.401 -123.401 -123.401 -118.755 -118.755 -118.755 -113.119 -113.119 -106.652 -106.652 -106.652 -99.353 -99.353 -99.353 -92.448 -92.448 -77.793 -77.793 -77.793 -67.867 -67.867 -67.867 -46.423 -46.423 -23.068 -23.068 -23.068 -5.044 -5.044 -5.044 22.100 22.100 46.831 46.831
-134.327 -134.327 -127.488 -127.488 -127.488 -125.965 -125.965 -123.401 -123.401 -123.401 -118.755 -118.755 -118.755 -113.119 -113.119 -106.652 -106.652 -106.652 -99.353 -99.353 -99.353 -92.448 -92.448 -77.793 -77.793 -77.793 -67.867 -67.867 -67.867 -46.423 -46.423 -23.068 -23.068 -23.068 -5.044 -5.044 -5.044 22.100 22.100 46.831 46.831
-134.327 -134.327 -127.488 -127.488 -127.488 -125.965 -125.965 -123.401 -123.401 -123.401 -118.755 -118.755 -118.755 -113.119 -113.119 -106.652 -106.652 -106.652 -99.353 -99.353 -99.353 -92.448 -92.448 -77.793 -77.793 -77.793 -67.867 -67.867 -67.867 -46.423 -46.423 -23.068 -23.068 -23.068 -5.044 -5.044 -5.044 22.100 22.100 46.831 46.831
-134.327 -134.327 -127.488 -127.488 -127.488 -125.965 -125.965 -123.401 -123.401 -123.401 -118.755 -118.755 -118.755 -113.119 -113.119 -106.652 -106.652 -106.652 -99.353 -99.353 -99.353 -92.448 -92.448 -77.793 -77.793 -77.793 -67.867 -67.867 -67.867 -46.423 -46.423 -23.068 -23.068 -23.068 -5.044 -5.044 -5.044 22.100 22.100 46.831 46.831
-125.523 -125.523 -124.156 -124.156 -124.156 -122.383 -122.383 -118.123 -118.123 -118.123 -112.842 -112.842 -112.842 -107.779 -107.779 -100.962 -100.962 -100.962 -94.222 -94.222 -94.222 -83.492 -83.492 -68.869 -68.869 -68.869 -57.581 -57.581 -57.581 -28.502 -28.502 -8.455 -8.455 -8.455 9.573 9.573 9.573 41.984 41.984 45.685 45.685
-125.523 -125.523 -124.156 -124.156 -124.156 -122.383 -122.383 -118.123 -118.123 -118.123 -112.842 -112.842 -112.842 -107.779 -107.779 -100.962 -100.962 -100.962 -94.222 -94.222 -94.222 -83.492 -83.492 -68.869 -68.869 -68.869 -57.581 -57.581 -57.581 -28.502 -28.502 -8.455 -8.455 -8.455 9.573 9.573 9.573 41.984 41.984 45.685 45.685
-125.523 -125.523 -124.156 -124.156 -124.156 -122.383 -122.383 -118.123 -118.123 -118.123 -112.842 -112.842 -112.842 -107.779 -107.779 -100.962 -100.962 -100.962 -94.222 -94.222 -94.222 -83.492 -83.492 -68.869 -68.869 -68.869 -57.581 -57.581 -57.581 -28.502 -28.502 -8.455 -8.455 -8.455 9.573 9.573 9.573 41.984 41.984 45.685 45.685
-125.523 -125.523 -124.156 -124.156 -124.156 -122.383 -122.383 -118.123 -118.123 -118.123 -112.842 -112.842 -112.842 -107.779 -107.779 -100.962 -100.962 -100.962 -94.222 -94.222 -94.222 -83.492 -83.492 -68.869 -68.869 -68.869 -57.581 -57.581 -57.581 -28.502 -28.502 -8.455 -8.455 -8.455 9.573 9.573 9.573 41.984 41.984 45.685 45.685
-122.830 -122.830 -122.477 -122.477 -122.477 -118.579 -118.579 -111.654 -111.654 -111.654 -104.970 -104.970 -104.970 -101.117 -101.117 -96.251 -96.251 -96.251 -85.890 -85.890 -85.890 -74.834 -74.834 -62.827 -62.827 -62.827 -47.217 -47.217 -47.217 -18.300 -18.300 -6.807 -6.807 -6.807 8.053 8.053 8.053 9.827 9.827 18.983 18.983
-122.830 -122.830 -122.477 -122.477 -122.477 -118.579 -118.579 -111.654 -111.654 -111.654 -104.970 -104.970 -104.970 -101.117 -101.117 -96.251 -96.251 -96.251 -85.890 -85.890 -85.890 -74.834 -74.834 -62.827 -62.827 -62.827 -47.217 -47.217 -47.217 -18.300 -18.300 -6.807 -6.807 -6.807 8.053 8.053 8.053 9.827 9.827 18.983 18.983
-122.830 -122.830 -122.477 -122.477 -122.477 -118.579 -118.579 -111.654 -111.654 -111.654 -104.970 -104.970 -104.970 -101.117 -101.117 -96.251 -96.251 -96.251 -85.890 -85.890 -85.890 -74.834 -74.834 -62.827 -62.827 -62.827 -47.217 -47.217 -47.217 -18.300 -18.300 -6.807 -6.807 -6.807 8.053 8.053 8.053 9.827 9.827 18.983 18.983
-122.830 -122.830 -122.477 -122.477 -122.477 -118.579 -118.579 -111.654 -111.654 -111.654 -104.970 -104.970 -104.970 -101.117 -101.117 -96.251 -96.251 -96.251 -85.890 -85.890 -85.890 -74.834 -74.834 -62.827 -62.827 -62.827 -47.217 -47.217 -47.217 -18.300 -18.300 -6.807 -6.807 -6.807 8.053 8.053 8.053 9.827 9.827 18.983 18.983
-121.188 -121.188 -118.962 -118.962 -118.962 -112.514 -112.514 -106.206 -106.206 -106.206 -101.069 -101.069 -101.069 -97.140 -97.140 -90.257 -90.257 -90.257 -78.535 -78.535 -78.535 -70.317 -70.317 -56.067 -56.067 -56.067 -36.853 -36.853 -36.853 -13.668 -13.668 1.216 1.216 1.216 50.777 50.777 50.777 38.695 38.695 15.556 15.556
-121.188 -121.188 -118.962 -118.962 -118.962 -112.514 -112.514 -106.206 -106.206 -106.206 -101.069 -101.069 -101.069 -97.140 -97.140 -90.257 -90.257 -90.257 -78.535 -78.535 -78.535 -70.317 -70.317 -56.067 -56.067 -56.067 -36.853 -36.853 -36.853 -13.668 -13.668 1.216 1.216 1.216 50.777 50.777 50.777 38.695 38.695 15.556 15.556
-121.188 -121.188 -118.962 -118.962 -118.962 -112.514 -112.514 -106.206 -106.206 -106.206 -101.069 -101.069 -101.069 -97.140 -97.140 -90.257 -90.257 -90.257 -78.535 -78.535 -78.535 -70.317 -70.317 -56.067 -56.067 -56.067 -36.853 -36.853 -36.853 -13.668 -13.668 1.216 1.216 1.216 50.777 50.777 50.777 38.695 38.695 15.556 15.556
-121.188 -121.188 -118.962 -118.962 -118.962 -112.514 -112.514 -106.206 -106.206 -106.206 -101.069 -101.069 -101.069 -97.140 -97.140 -90.257 -90.257 -90.257 -78.535 -78.535 -78.535 -70.317 -70.317 -56.067 -56.067 -56.067 -36.853 -36.853 -36.853 -13.668 -13.668 1.216 1.216 1.216 50.777 50.777 50.777 38.695 38.695 15.556 15.556
-117.894 -117.894 -113.851 -113.851 -113.851 -105.546 -105.546 -100.611 -100.611 -100.611 -95.739 -95.739 -95.739 -87.751 -87.751 -79.964 -79.964 -79.964 -72.266 -72.266 -72.266 -64.937 -64.937 -47.644 -47.644 -47.644 -28.150 -28.150 -28.150 -8.913 -8.913 7.371 7.371 7.371 24.591 24.591 24.591 56.638 56.638 55.127 55.127
-117.894 -117.894 -113.851 -113.851 -113.851 -105.546 -105.546 -100.611 -100.611 -100.611 -95.739 -95.739 -95.739 -87.751 -87.751 -79.964 -79.964 -79.964 -72.266 -72.266 -72.266 -64.937 -64.937 -47.644 -47.644 -47.644 -28.150 -28.150 -28.150 -8.913 -8.913 7.371 7.371 7.371 24.591 24.591 24.591 56.638 56.638 55.127 55.127
-117.894 -117.894 -113.851 -113.851 -113.851 -105.546 -105.546 -100.611 -100.611 -100.611 -95.739 -95.739 -95.739 -87.751 -87.751 -79.964 -79.964 -79.964 -72.266 -72.266 -72.266 -64.937 -64.937 -47.644 -47.644 -47.644 -28.150 -28.150 -28.150 -8.913 -8.913 7.371 7.371 7.371 24.591 24.591 24.591 56.638 56.638 55.127 55.127
-117.894 -117.894 -113.851 -113.851 -113.851 -105.546 -105.546 -100.611 -100.611 -100.611 -95.739 -95.739 -95.739 -87.751 -87.751 -79.964 -79.964 -79.964 -72.266 -72.266 -72.266 -64.937 -64.937 -47.644 -47.644 -47.644 -28.150 -28.150 -28.150 -8.913 -8.913 7.371 7.371 7.371 24.591 24.591 24.591 56.638 56.638 55.127 55.127
-115.247 -115.247 -109.341 -109.341 -109.341 -100.972 -100.972 -96.644 -96.644 -96.644 -91.127 -91.127 -91.127 -83.045 -83.045 -74.309 -74.309 -74.309 -65.159 -65.159 -65.159 -56.672 -56.672 -33.634 -33.634 -33.634 -19.895 -19.895 -19.895 -1.404 -1.404 77.514 77.514 77.514 50.776 50.776 50.776 26.070 26.070 74.764 74.764
-115.247 -115.247 -109.341 -109.341 -109.341 -100.972 -100.972 -96.644 -96.644 -96.644 -91.127 -91.127 -91.127 -83.045 -83.045 -74.309 -74.309 -74.309 -65.159 -65.159 -65.159 -56.672 -56.672 -33.634 -33.634 -33.634 -19.895 -19.895 -19.895 -1.404 -1.404 77.514 77.514 77.514 50.776 50.776 50.776 26.070 26.070 74.764 74.764
-115.247 -115.247 -109.341 -109.341 -109.341 -100.972 -100.972 -96.644 -96.644 -96.644 -91.127 -91.127 -91.127 -83.045 -83.045 -74.309 -74.309 -74.309 -65.159 -65.159 -65.159 -56.672 -56.672 -33.634 -33.634 -33.634 -19.895 -19.895 -19.895 -1.404 -1.404 77.514 77.514 77.514 50.776 50.776 50.776 26.070 26.070 74.764 74.764
-115.247 -115.247 -109.341 -109.341 -109.341 -100.972 -100.972 -96.644 -96.644 -96.644 -91.127 -91.127 -91.127 -83.045 -83.045 -74.309 -74.309 -74.309 -65.159 -65.159 -65.159 -56.672 -56.672 -33.634 -33.634 -33.634 -19.895 -19.895 -19.895 -1.404 -1.404 77.514 77.514 77.514 50.776 50.776 50.776 26.070 26.070 74.764 74.764
-112.720 -112.720 -105.376 -105.376 -105.376 -97.104 -97.104 -92.836 -92.836 -92.836 -85.746 -85.746 -85.746 -78.914 -78.914 -69.705 -69.705 -69.705 -60.146 -60.146 -60.146 -48.829 -48.829 -25.634 -25.634 -25.634 -12.183 -12.183 -12.183 -0.769 -0.769 46.684 46.684 46.684 63.419 63.419 63.419 72.352 72.352 55.789 55.789
-112.720 -112.720 -105.376 -105.376 -105.376 -97.104 -97.104 -92.836 -92.836 -92.836 -85.746 -85.746 -85.746 -78.914 -78.914 -69.705 -69.705 -69.705 -60.146 -60.146 -60.146 -48.829 -48.829 -25.634 -25.634 -25.634 -12.183 -12.183 -12.183 -0.769 -0.769 46.684 46.684 46.684 63.419 63.419 63.419 72.352 72.352 55.789 55.789
-112.720 -112.720 -105.376 -105.376 -105.376 -97.104 -97.104 -92.836 -92.836 -92.836 -85.746 -85.746 -85.746 -78.914 -78.914 -69.705 -69.705 -69.705 -60.146 -60.146 -60.146 -48.829 -48.829 -25.634 -25.634 -25.634 -12.183 -12.183 -12.183 -0.769 -0.769 46.684 46.684 46.684 63.419 63.419 63.419 72.352 72.352 55.789 55.789
-112.720 -112.720 -105.376 -105.376 -105.376 -97.104 -97.104 -92.836 -92.836 -92.836 -85.746 -85.746 -85.746 -78.914 -78.914 -69.705 -69.705 -69.705 -60.146 -60.146 -60.146 -48.829 -48.829 -25.634 -25.634 -25.634 -12.183 -12.183 -12.183 -0.769 -0.769 46.684 46.684 46.684 63.419 63.419 63.419 72.352 72.352 55.789 55.789
-108.755 -108.755 -100.884 -100.884 -100.884 -90.023 -90.023 -84.410 -84.410 -84.410 -80.998 -80.998 -80.998 -74.521 -74.521 -64.598 -64.598 -64.598 -53.954 -53.954 -53.954 -34.992 -34.992 -14.386 -14.386 -14.386 1.158 1.158 1.158 44.751 44.751 34.791 34.791 34.791 28.947 28.947 28.947 49.882 49.882 87.500 87.500
-108.755 -108.755 -100.884 -100.884 -100.884 -90.023 -90.023 -84.410 -84.410 -84.410 -80.998 -80.998 -80.998 -74.521 -74.521 -64.598 -64.598 -64.598 -53.954 -53.954 -53.954 -34.992 -34.992 -14.386 -14.386 -14.386 1.158 1.158 1.158 44.751 44.751 34.791 34.791 34.791 28.947 28.947 28.947 49.882 49.882 87.500 87.500
-108.755 -108.755 -100.884 -100.884 -100.884 -90.023 -90.023 -84.410 -84.410 -84.410 -80.998 -80.998 -80.998 -74.521 -74.521 -64.598 -64.598 -64.598 -53.954 -53.954 -53.954 -34.992 -34.992 -14.386 -14.386 -14.386 1.158 1.158 1.158 44.751 44.751 34.791 34.791 34.791 28.947 28.947 28.947 49.882 49.882 87.500 87.500
-108.755 -108.755 -100.884 -100.884 -100.884 -90.023 -90.023 -84.410 -84.410 -84.410 -80.998 -80.998 -80.998 -74.521 -74.521 -64.598 -64.598 -64.598 -53.954 -53.954 -53.954 -34.992 -34.992 -14.386 -14.386 -14.386 1.158 1.158 1.158 44.751 44.751 34.791 34.791 34.791 28.947 28.947 28.947 49.882 49.882 87.500 87.500
-101.305 -101.305 -95.108 -95.108 -95.108 -84.914 -84.914 -81.519 -81.519 -81.519 -78.250 -78.250 -78.250 -70.483 -70.483 -56.148 -56.148 -56.148 -38.333 -38.333 -38.333 -20.366 -20.366 -2.845 -2.845 -2.845 27.143 27.143 27.143 72.123 72.123 126.301 126.301 126.301 70.750 70.750 70.750 75.093 75.093 57.841 57.841
-101.305 -101.305 -95.108 -95.108 -95.108 -84.914 -84.914 -81.519 -81.519 -81.519 -78.250 -78.250 -78.250 -70.483 -70.483 -56.148 -56.148 -56.148 -38.333 -38.333 -38.333 -20.366 -20.366 -2.845 -2.845 -2.845 27.143 27.143 27.143 72.123 72.123 126.301 126.301 126.301 70.750 70.750 70.750 75.093 75.093 57.841 57.841
-101.305 -101.305 -95.108 -95.108 -95.108 -84.914 -84.914 -81.519 -81.519 -81.519 -78.250 -78.250 -78.250 -70.483 -70.483 -56.148 -56.148 -56.148 -38.333 -38.333 -38.333 -20.366 -20.366 -2.845 -2.845 -2.845 27.143 27.143 27.143 72.123 72.123 126.301 126.301 126.301 70.750 70.750 70.750 75.093 75.093 57.841 57.841
-101.305 -101.305 -95.108 -95.108 -95.108 -84.914 -84.914 -81.519 -81.519 -81.519 -78.250 -78.250 -78.250 -70.483 -70.483 -56.148 -56.148 -56.148 -38.333 -38.333 -38.333 -20.366 -20.366 -2.845 -2.845 -2.845 27.143 27.143 27.143 72.123 72.123 126.301 126.301 126.301 70.750 70.750 70.750 75.093 75.093 57.841 57.841
-94.973 -94.973 -87.211 -87.211 -87.211 -82.635 -82.635 -79.383 -79.383 -79.383 -74.868 -74.868 -74.868 -66.280 -66.280 -49.239 -49.239 -49.239 -23.592 -23.592 -23.592 -6.268 -6.268 42.573 42.573 42.573 62.241 62.241 62.241 89.984 89.984 129.955 129.955 129.955 118.399 118.399 118.399 138.867 138.867 66.087 66.087
-94.973 -94.973 -87.211 -87.211 -87.211 -82.635 -82.635 -79.383 -79.383 -79.383 -74.868 -74.868 -74.868 -66.280 -66.280 -49.239 -49.239 -49.239 -23.592 -23.592 -23.592 -6.268 -6.268 42.573 42.573 42.573 62.241 62.241 62.241 89.984 89.984 129.955 129.955 129.955 118.399 118.399 118.399 138.867 138.867 66.087 66.087
-94.973 -94.973 -87.211 -87.211 -87.211 -82.635 -82.635 -79.383 -79.383 -79.383 -74.868 -74.868 -74.868 -66.280 -66.280 -49.239 -49.239 -49.239 -23.592 -23.592 -23.592 -6.268 -6.268 42.573 42.573 42.573 62.241 62.241 62.241 89.984 89.984 129.955 129.955 129.955 118.399 118.399 118.399 138.867 138.867 66.087 66.087
-94.973 -94.973 -87.211 -87.211 -87.211 -82.635 -82.635 -79.383 -79.383 -79.383 -74.868 -74.868 -74.868 -66.280 -66.280 -49.239 -49.239 -49.239 -23.592 -23.592 -23.592 -6.268 -6.268 42.573 42.573 42.573 62.241 62.241 62.241 89.984 89.984 129.955 129.955 129.955 118.399 118.399 118.399 138.867 138.867 66.087 66.087
-89.027 -89.027 -85.601 -85.601 -85.601 -79.981 -79.981 -75.860 -75.860 -75.860 -70.218 -70.218 -70.218 -60.873 -60.873 -40.730 -40.730 -40.730 -16.935 -16.935 -16.935 4.369 4.369 54.320 54.320 54.320 76.602 76.602 76.602 164.302 164.302 136.005 136.005 136.005 155.723 155.723 155.723 132.560 132.560 96.348 96.348
-89.027 -89.027 -85.601 -85.601 -85.601 -79.981 -79.981 -75.860 -75.860 -75.860 -70.218 -70.218 -70.218 -60.873 -60.873 -40.730 -40.730 -40.730 -16.935 -16.935 -16.935 4.369 4.369 54.320 54.320 54.320 76.602 76.602 76.602 164.302 164.302 136.005 136.005 136.005 155.723 155.723 155.723 132.560 132.560 96.348 96.348
-89.027 -89.027 -85.601 -85.601 -85.601 -79.981 -79.981 -75.860 -75.860 -75.860 -70.218 -70.218 -70.218 -60.873 -60.873 -40.730 -40.730 -40.730 -16.935 -16.935 -16.935 4.369 4.369 54.320 54.320 54.320 76.602 76.602 76.602 164.302 164.302 136.005 136.005 136.005 155.723 155.723 155.723 132.560 132.560 96.348 96.348
-89.027 -89.027 -85.601 -85.601 -85.601 -79.981 -79.981 -75.860 -75.860 -75.860 -70.218 -70.218 -70.218 -60.873 -60.873 -40.730 -40.730 -40.730 -16.935 -16.935 -16.935 4.369 4.369 54.320 54.320 54.320 76.602 76.602 76.602 164.302 164.302 136.005 136.005 136.005 155.723 155.723 155.723 132.560 132.560 96.348 96.348
-88.160 -88.160 -85.094 -85.094 -85.094 -78.549 -78.549 -73.171 -73.171 -73.171 -65.097 -65.097 -65.097 -54.226 -54.226 -31.412 -31.412 -31.412 -13.245 -13.245 -13.245 -4.637 -4.637 4.041 4.041 4.041 17.205 17.205 17.205 92.086 92.086 72.898 72.898 72.898 91.584 91.584 91.584 92.565 92.565 102.028 102.028
-88.160 -88.160 -85.094 -85.094 -85.094 -78.549 -78.549 -73.171 -73.171 -73.171 -65.097 -65.097 -65.097 -54.226 -54.226 -31.412 -31.412 -31.412 -13.245 -13.245 -13.245 -4.637 -4.637 4.041 4.041 4.041 17.205 17.205 17.205 92.086 92.086 72.898 72.898 72.898 91.584 91.584 91.584 92.565 92.565 102.028 102.028
-88.160 -88.160 -85.094 -85.094 -85.094 -78.549 -78.549 -73.171 -73.171 -73.171 -65.097 -65.097 -65.097 -54.226 -54.226 -31.412 -31.412 -31.412 -13.245 -13.245 -13.245 -4.637 -4.637 4.041 4.041 4.041 17.205 17.205 17.205 92.086 92.086 72.898 72.898 72.898 91.584 91.584 91.584 92.565 92.565 102.028 102.028
-88.160 -88.160 -85.094 -85.094 -85.094 -78.549 -78.549 -73.171 -73.171 -73.171 -65.097 -65.097 -65.097 -54.226 -54.226 -31.412 -31.412 -31.412 -13.245 -13.245 -13.245 -4.637 -4.637 4.041 4.041 4.041 17.205 17.205 17.205 92.086 92.086 72.898 72.898 72.898 91.584 91.584 91.584 92.565 92.565 102.028 102.028
-86.443 -86.443 -82.740 -82.740 -82.740 -77.150 -77.150 -71.736 -71.736 -71.736 -60.485 -60.485 -60.485 -44.025 -44.025 -25.942 -25.942 -25.942 -10.097 -10.097 -10.097 18.078 18.078 37.389 37.389 37.389 39.830 39.830 39.830 18.811 18.811 17.234 17.234 17.234 25.875 25.875 25.875 38.120 38.120 81.880 81.880
-86.443 -86.443 -82.740 -82.740 -82.740 -77.150 -77.150 -71.736 -71.736 -71.736 -60.485 -60.485 -60.485 -44.025 -44.025 -25.942 -25.942 -25.942 -10.097 -10.097 -10.097 18.078 18.078 37.389 37.389 37.389 39.830 39.830 39.830 18.811 18.811 17.234 17.234 17.234 25.875 25.875 25.875 38.120 38.120 81.880 81.880
-86.443 -86.443 -82.740 -82.740 -82.740 -77.150 -77.150 -71.736 -71.736 -71.736 -60.485 -60.485 -60.485 -44.025 -44.025 -25.942 -25.942 -25.942 -10.097 -10.097 -10.097 18.078 18.078 37.389 37.389 37.389 39.830 39.830 39.830 18.811 18.811 17.234 17.234 17.234 25.875 25.875 25.875 38.120 38.120 81.880 81.880
-86.443 -86.443 -82.740 -82.740 -82.740 -77.150 -77.150 -71.736 -71.736 -71.736 -60.485 -60.485 -60.485 -44.025 -44.025 -25.942 -25.942 -25.942 -10.097 -10.097 -10.097 18.078 18.078 37.389 37.389 37.389 39.830 39.830 39.830 18.811 18.811 17.234 17.234 17.234 25.875 25.875 25.875 38.120 38.120 81.880 81.880
-82.416 -82.416 -78.135 -78.135 -78.135 -73.099 -73.099 -67.357 -67.357 -67.357 -53.720 -53.720 -53.720 -36.151 -36.151 -21.452 -21.452 -21.452 -6.253 -6.253 -6.253 42.685 42.685 55.010 55.010 55.010 105.987 105.987 105.987 137.331 137.331 51.637 51.637 51.637 21.576 21.576 21.576 24.869 24.869 42.673 42.673
-82.416 -82.416 -78.135 -78.135 -78.135 -73.099 -73.099 -67.357 -67.357 -67.357 -53.720 -53.720 -53.720 -36.151 -36.151 -21.452 -21.452 -21.452 -6.253 -6.253 -6.253 42.685 42.685 55.010 55.010 55.010 105.987 105.987 105.987 137.331 137.331 51.637 51.637 51.637 21.576 21.576 21.576 24.869 24.869 42.673 42.673
-82.416 -82.416 -78.135 -78.135 -78.135 -73.099 -73.099 -67.357 -67.357 -67.357 -53.720 -53.720 -53.720 -36.151 -36.151 -21.452 -21.452 -21.452 -6.253 -6.253 -6.253 42.685 42.685 55.010 55.010 55.010 105.987 105.987 105.987 137.331 137.331 51.637 51.637 51.637 21.576 21.576 21.576 24.869 24.869 42.673 42.673
-82.416 -82.416 -78.135 -78.135 -78.135 -73.099 -73.099 -67.357 -67.357 -67.357 -53.720 -53.720 -53.720 -36.151 -36.151 -21.452 -21.452 -21.452 -6.253 -6.253 -6.253 42.685 42.685 55.010 55.010 55.010 105.987 105.987 105.987 137.331 137.331 51.637 51.637 51.637 21.576 21.576 21.576 24.869 24.869 42.673 42.673
-79.342 -79.342 -76.327 -76.327 -76.327 -69.201 -69.201 -61.487 -61.487 -61.487 -46.923 -46.923 -46.923 -30.083 -30.083 -16.487 -16.487 -16.487 -4.342 -4.342 -4.342 31.605 31.605 94.047 94.047 94.047 152.496 152.496 152.496 158.976 158.976 101.458 101.458 101.458 72.505 72.505 72.505 44.117 44.117 56.532 56.532
-79.342 -79.342 -76.327 -76.327 -76.327 -69.201 -69.201 -61.487 -61.487 -61.487 -46.923 -46.923 -46.923 -30.083 -30.083 -16.487 -16.487 -16.487 -4.342 -4.342 -4.342 31.605 31.605 94.047 94.047 94.047 152.496 152.496 152.496 158.976 158.976 101.458 101.458 101.458 72.505 72.505 72.505 44.117 44.117 56.532 56.532
-79.342 -79.342 -76.327 -76.327 -76.327 -69.201 -69.201 -61.487 -61.487 -61.487 -46.923 -46.923 -46.923 -30.083 -30.083 -16.487 -16.487 -16.487 -4.342 -4.342 -4.342 31.605 31.605 94.047 94.047 94.047 152.496 152.496 152.496 158.976 158.976 101.458 101.458 101.458 72.505 72.505 72.505 44.117 44.117 56.532 56.532
-79.342 -79.342 -76.327 -76.327 -76.327 -69.201 -69.201 -61.487 -61.487 -61.487 -46.923 -46.923 -46.923 -30.083 -30.083 -16.487 -16.487 -16.487 -4.342 -4.342 -4.342 31.605 31.605 94.047 94.047 94.047 152.496 152.496 152.496 158.976 158.976 101.458 101.458 101.458 72.505 72.505 72.505 44.117 44.117 56.532 56.532
-77.393 -77.393 -72.940 -72.940 -72.940 -65.458 -65.458 -56.327 -56.327 -56.327 -42.094 -42.094 -42.094 -24.935 -24.935 -13.454 -13.454 -13.454 -2.278 -2.278 -2.278 24.627 24.627 70.134 70.134 70.134 102.726 102.726 102.726 77.726 77.726 134.635 134.635 134.635 122.710 122.710 122.710 207.658 207.658 291.148 291.148
-77.393 -77.393 -72.940 -72.940 -72.940 -65.458 -65.458 -56.327 -56.327 -56.327 -42.094 -42.094 -42.094 -24.935 -24.935 -13.454 -13.454 -13.454 -2.278 -2.278 -2.278 24.627 24.627 70.134 70.134 70.134 102.726 102.726 102.726 77.726 77.726 134.635 134.635 134.635 122.710 122.710 122.710 207.658 207.658 291.148 291.148
-77.393 -77.393 -72.940 -72.940 -72.940 -65.458 -65.458 -56.327 -56.327 -56.327 -42.094 -42.094 -42.094 -24.935 -24.935 -13.454 -13.454 -13.454 -2.278 -2.278 -2.278 24.627 24.627 70.134 70.134 70.134 102.726 102.726 102.726 77.726 77.726 134.635 134.635 134.635 122.710 122.710 122.710 207.658 207.658 291.148 291.148
-77.393 -77.393 -72.940 -72.940 -72.940 -65.458 -65.458 -56.327 -56.327 -56.327 -42.094 -42.094 -42.094 -24.935 -24.935 -13.454 -13.454 -13.454 -2.278 -2.278 -2.278 24.627 24.627 70.134 70.134 70.134 102.726 102.726 102.726 77.726 77.726 134.635 134.635 134.635 122.710 122.710 122.710 207.658 207.658 291.148 291.148
-73.254 -73.254 -68.191 -68.191 -68.191 -60.740 -60.740 -50.685 -50.685 -50.685 -35.420 -35.420 -35.420 -21.766 -21.766 -9.702 -9.702 -9.702 15.367 15.367 15.367 75.323 75.323 62.303 62.303 62.303 60.870 60.870 60.870 68.294 68.294 106.925 106.925 106.925 226.597 226.597 226.597 414.694 414.694 367.381 367.381
-73.254 -73.254 -68.191 -68.191 -68.191 -60.740 -60.740 -50.685 -50.685 -50.685 -35.420 -35.420 -35.420 -21.766 -21.766 -9.702 -9.702 -9.702 15.367 15.367 15.367 75.323 75.323 62.303 62.303 62.303 60.870 60.870 60.870 68.294 68.294 106.925 106.925 106.925 226.597 226.597 226.597 414.694 414.694 367.381 367.381
-73.254 -73.254 -68.191 -68.191 -68.191 -60.740 -60.740 -50.685 -50.685 -50.685 -35.420 -35.420 -35.420 -21.766 -21.766 -9.702 -9.702 -9.702 15.367 15.367 15.367 75.323 75.323 62.303 62.303 62.303 60.870 60.870 60.870 68.294 68.294 106.925 106.925 106.925 226.597 226.597 226.597 414.694 414.694 367.381 367.381
-73.254 -73.254 -68.191 -68.191 -68.191 -60.740 -60.740 -50.685 -50.685 -50.685 -35.420 -35.420 -35.420 -21.766 -21.766 -9.702 -9.702 -9.702 15.367 15.367 15.367 75.323 75.323 62.303 62.303 62.303 60.870 60.870 60.870 68.294 68.294 106.925 106.925 106.925 226.597 226.597 226.597 414.694 414.694 367.381 367.381
-68.113 -68.113 -63.655 -63.655 -63.655 -54.538 -54.538 -43.861 -43.861 -43.861 -29.125 -29.125 -29.125 -17.387 -17.387 -6.346 -6.346 -6.346 15.008 15.008 15.008 22.612 22.612 19.809 19.809 19.809 41.113 41.113 41.113 63.639 63.639 169.131 169.131 169.131 379.238 379.238 379.238 515.689 515.689 299.539 299.539
-68.113 -68.113 -63.655 -63.655 -63.655 -54.538 -54.538 -43.861 -43.861 -43.861 -29.125 -29.125 -29.125 -17.387 -17.387 -6.346 -6.346 -6.346 15.008 15.008 15.008 22.612 22.612 19.809 19.809 19.809 41.113 41.113 41.113 63.639 63.639 169.131 169.131 169.131 379.238 379.238 379.238 515.689 515.689 299.539 299.539
-68.113 -68.113 -63.655 -63.655 -63.655 -54.538 -54.538 -43.861 -43.861 -43.861 -29.125 -29.125 -29.125 -17.387 -17.387 -6.346 -6.346 -6.346 15.008 15.008 15.008 22.612 22.612 19.809 19.809 19.809 41.113 41.113 41.113 63.639 63.639 169.131 169.131 169.131 379.238 379.238 379.238 515.689 515.689 299.539 299.539
-68.113 -68.113 -63.655 -63.655 -63.655 -54.538 -54.538 -43.861 -43.861 -43.861 -29.125 -29.125 -29.125 -17.387 -17.387 -6.346 -6.346 -6.346 15.008 15.008 15.008 22.612 22.612 19.809 19.809 19.809 41.113 41.113 41.113 63.639 63.639 169.131 169.131 169.131 379.238 379.238 379.238 515.689 515.689 299.539 299.539
-62.340 -62.340 -58.233 -58.233 -58.233 -47.862 -47.862 -38.368 -38.368 -38.368 -23.716 -23.716 -23.716 -12.634 -12.634 1.155 1.155 1.155 54.505 54.505 54.505 78.244 78.244 92.885 92.885 92.885 75.505 75.505 75.505 51.765 51.765 120.598 120.598 120.598 245.296 245.296 245.296 429.677 429.677 279.247 279.247
-62.340 -62.340 -58.233 -58.233 -58.233 -47.862 -47.862 -38.368 -38.368 -38.368 -23.716 -23.716 -23.716 -12.634 -12.634 1.155 1.155 1.155 54.505 54.505 54.505 78.244 78.244 92.885 92.885 92.885 75.505 75.505 75.505 51.765 51.765 120.598 120.598 120.598 245.296 245.296 245.296 429.677 429.677 279.247 279.247
-62.340 -62.340 -58.233 -58.233 -58.233 -47.862 -47.862 -38.368 -38.368 -38.368 -23.716 -23.716 -23.716 -12.634 -12.634 1.155 1.155 1.155 54.505 54.505 54.505 78.244 78.244 92.885 92.885 92.885 75.505 75.505 75.505 51.765 51.765 120.598 120.598 120.598 245.296 245.296 245.296 429.677 429.677 279.247 279.247
-62.340 -62.340 -58.233 -58.233 -58.233 -47.862 -47.862 -38.368 -38.368 -38.368 -23.716 -23.716 -23.716 -12.634 -12.634 1.155 1.155 1.155 54.505 54.505 54.505 78.244 78.244 92.885 92.885 92.885 75.505 75.505 75.505 51.765 51.765 120.598 120.598 120.598 245.296 245.296 245.296 429.677 429.677 279.247 279.247
-53.540 -53.540 -49.205 -49.205 -49.205 -41.411 -41.411 -31.326 -31.326 -31.326 -14.916 -14.916 -14.916 13.804 13.804 73.720 73.720 73.720 119.766 119.766 119.766 149.727 149.727 172.162 172.162 172.162 160.356 160.356 160.356 88.151 88.151 219.284 219.284 219.284 191.806 191.806 191.806 315.568 315.568 264.153 264.153
-53.540 -53.540 -49.205 -49.205 -49.205 -41.411 -41.411 -31.326 -31.326 -31.326 -14.916 -14.916 -14.916 13.804 13.804 73.720 73.720 73.720 119.766 119.766 119.766 149.727 149.727 172.162 172.162 172.162 160.356 160.356 160.356 88.151 88.151 219.284 219.284 219.284 191.806 191.806 191.806 315.568 315.568 264.153 264.153
-53.540 -53.540 -49.205 -49.205 -49.205 -41.411 -41.411 -31.326 -31.326 -31.326 -14.916 -14.916 -14.916 13.804 13.804 73.720 73.720 73.720 119.766 119.766 119.766 149.727 149.727 172.162 172.162 172.162 160.356 160.356 160.356 88.151 88.151 219.284 219.284 219.284 191.806 191.806 191.806 315.568 315.568 264.153 264.153
-53.540 -53.540 -49.205 -49.205 -49.205 -41.411 -41.411 -31.326 -31.326 -31.326 -14.916 -14.916 -14.916 13.804 13.804 73.720 73.720 73.720 119.766 119.766 119.766 149.727 149.727 172.162 172.162 172.162 160.356 160.356 160.356 88.151 88.151 219.284 219.284 219.284 191.806 191.806 191.806 315.568 315.568 264.153 264.153
-43.907 -43.907 -39.804 -39.804 -39.804 -30.290 -30.290 -16.809 -16.809 -16.809 14.156 14.156 14.156 94.273 94.273 144.600 144.600 144.600 197.576 197.576 197.576 243.777 243.777 249.582 249.582 249.582 250.218 250.218 250.218 171.828 171.828 189.011 189.011 189.011 188.964 188.964 188.964 285.063 285.063 255.738 255.738
-43.907 -43.907 -39.804 -39.804 -39.804 -30.290 -30.290 -16.809 -16.809 -16.809 14.156 14.156 14.156 94.273 94.273 144.600 144.600 144.600 197.576 197.576 197.576 243.777 243.777 249.582 249.582 249.582 250.218 250.218 250.218 171.828 171.828 189.011 189.011 189.011 188.964 188.964 188.964 285.063 285.063 255.738 255.738
-43.907 -43.907 -39.804 -39.804 -39.804 -30.290 -30.290 -16.809 -16.809 -16.809 14.156 14.156 14.156 94.273 94.273 144.600 144.600 144.600 197.576 197.576 197.576 243.777 243.777 249.582 249.582 249.582 250.218 250.218 250.218 171.828 171.828 189.011 189.011 189.011 188.964 188.964 188.964 285.063 285.063 255.738 255.738
-43.907 -43.907 -39.804 -39.804 -39.804 -30.290 -30.290 -16.809 -16.809 -16.809 14.156 14.156 14.156 94.273 94.273 144.600 144.600 144.600 197.576 197.576 197.576 243.777 243.777 249.582 249.582 249.582 250.218 250.218 250.218 171.828 171.828 189.011 189.011 189.011 188.964 188.964 188.964 285.063 285.063 255.738 255.738
-35.953 -35.953 -29.323 -29.323 -29.323 -20.712 -20.712 37.008 37.008 37.008 201.821 201.821 201.821 316.093 316.093 312.687 312.687 312.687 349.775 349.775 349.775 376.961 376.961 336.918 336.918 336.918 284.724 284.724 284.724 227.761 227.761 188.814 188.814 188.814 169.731 169.731 169.731 192.884 192.884 202.037 202.037
-35.953 -35.953 -29.323 -29.323 -29.323 -20.712 -20.712 37.008 37.008 37.008 201.821 201.821 201.821 316.093 316.093 312.687 312.687 312.687 349.775 349.775 349.775 376.961 376.961 336.918 336.918 336.918 284.724 284.724 284.724 227.761 227.761 188.814 188.814 188.814 169.731 169.731 169.731 192.884 192.884 202.037 202.037
-35.953 -35.953 -29.323 -29.323 -29.323 -20.712 -20.712 37.008 37.008 37.008 201.821 201.821 201.821 316.093 316.093 312.687 312.687 312.687 349.775 349.775 349.775 376.961 376.961 336.918 336.918 336.918 284.724 284.724 284.724 227.761 227.761 188.814 188.814 188.814 169.731 169.731 169.731 192.884 192.884 202.037 202.037
-35.953 -35.953 -29.323 -29.323 -29.323 -20.712 -20.712 37.008 37.008 37.008 201.821 201.821 201.821 316.093 316.093 312.687 312.687 312.687 349.775 349.775 349.775 376.961 376.961 336.918 336.918 336.918 284.724 284.724 284.724 227.761 227.761 188.814 188.814 188.814 169.731 169.731 169.731 192.884 192.884 202.037 202.037
-28.536 -28.536 -19.821 -19.821 -19.821 2.715 2.715 176.523 176.523 176.523 378.136 378.136 378.136 543.760 543.760 573.303 573.303 573.303 504.451 504.451 504.451 620.791 620.791 514.728 514.728 514.728 290.782 290.782 290.782 281.767 281.767 269.209 269.209 269.209 195.014 195.014 195.014 196.811 196.811 225.435 225.435
-28.536 -28.536 -19.821 -19.821 -19.821 2.715 2.715 176.523 176.523 176.523 378.136 378.136 378.136 543.760 543.760 573.303 573.303 573.303 504.451 504.451 504.451 620.791 620.791 514.728 514.728 514.728 290.782 290.782 290.782 281.767 281.767 269.209 269.209 269.209 195.014 195.014 195.014 196.811 196.811 225.435 225.435
-28.536 -28.536 -19.821 -19.821 -19.821 2.715 2.715 176.523 176.523 176.523 378.136 378.136 378.136 543.760 543.760 573.303 573.303 573.303 504.451 504.451 504.451 620.791 620.791 514.728 514.728 514.728 290.782 290.782 290.782 281.767 281.767 269.209 269.209 269.209 195.014 195.014 195.014 196.811 196.811 225.435 225.435
-28.536 -28.536 -19.821 -19.821 -19.821 2.715 2.715 176.523 176.523 176.523 378.136 378.136 378.136 543.760 543.760 573.303 573.303 573.303 504.451 504.451 504.451 620.791 620.791 514.728 514.728 514.728 290.782 290.782 290.782 281.767 281.767 269.209 269.209 269.209 195.014 195.014 195.014 196.811 196.811 225.435 225.435
-22.782 -22.782 -15.320 -15.320 -15.320 46.084 46.084 106.048 106.048 106.048 180.841 180.841 180.841 246.686 246.686 479.994 479.994 479.994 515.506 515.506 515.506 670.256 670.256 588.838 588.838 588.838 380.923 380.923 380.923 355.058 355.058 407.865 407.865 407.865 312.071 312.071 312.071 339.342 339.342 322.810 322.810
-22.782 -22.782 -15.320 -15.320 -15.320 46.084 46.084 106.048 106.048 106.048 180.841 180.841 180.841 246.686 246.686 479.994 479.994 479.994 515.506 515.506 515.506 670.256 670.256 588.838 588.838 588.838 380.923 380.923 380.923 355.058 355.058 407.865 407.865 407.865 312.071 312.071 312.071 339.342 339.342 322.810 322.810
-22.782 -22.782 -15.320 -15.320 -15.320 46.084 46.084 106.048 106.048 106.048 180.841 180.841 180.841 246.686 246.686 479.994 479.994 479.994 515.506 515.506 515.506 670.256 670.256 588.838 588.838 588.838 380.923 380.923 380.923 355.058 355.058 407.865 407.865 407.865 312.071 312.071 312.071 339.342 339.342 322.810 322.810
-22.782 -22.782 -15.320 -15.320 -15.320 46.084 46.084 106.048 106.048 106.048 180.841 180.841 180.841 246.686 246.686 479.994 479.994 479.994 515.506 515.506 515.506 670.256 670.256 588.838 588.838 588.838 380.923 380.923 380.923 355.058 355.058 407.865 407.865 407.865 312.071 312.071 312.071 339.342 339.342 322.810 322.810
-16.692 -16.692 -5.396 -5.396 -5.396 147.468 147.468 338.167 338.167 338.167 425.126 425.126 425.126 247.016 247.016 204.676 204.676 204.676 380.624 380.624 380.624 449.259 449.259 360.757 360.757 360.757 472.687 472.687 472.687 490.979 490.979 572.772 572.772 572.772 531.074 531.074 531.074 558.663 558.663 589.342 589.342
-16.692 -16.692 -5.396 -5.396 -5.396 147.468 147.468 338.167 338.167 338.167 425.126 425.126 425.126 247.016 247.016 204.676 204.676 204.676 380.624 380.624 380.624 449.259 449.259 360.757 360.757 360.757 472.687 472.687 472.687 490.979 490.979 572.772 572.772 572.772 531.074 531.074 531.074 558.663 558.663 589.342 589.342
-16.692 -16.692 -5.396 -5.396 -5.396 147.468 147.468 338.167 338.167 338.167 425.126 425.126 425.126 247.016 247.016 204.676 204.676 204.676 380.624 380.624 380.624 449.259 449.259 360.757 360.757 360.757 472.687 472.687 472.687 490.979 490.979 572.772 572.772 572.772 531.074 531.074 531.074 558.663 558.663 589.342 589.342
-16.692 -16.692 -5.396 -5.396 -5.396 147.468 147.468 338.167 338.167 338.167 425.126 425.126 425.126 247.016 247.016 204.676 204.676 204.676 380.624 380.624 380.624 449.259 449.259 360.757 360.757 360.757 472.687 472.687 472.687 490.979 490.979 572.772 572.772 572.772 531.074 531.074 531.074 558.663 558.663 589.342 589.342
-9.112 -9.112 18.523 18.523 18.523 129.970 129.970 285.900 285.900 285.900 410.828 410.828 410.828 373.880 373.880 319.603 319.603 319.603 208.101 208.101 208.101 190.202 190.202 263.604 263.604 263.604 371.887 371.887 371.887 461.360 461.360 498.327 498.327 498.327 376.466 376.466 376.466 456.913 456.913 569.270 569.270
-9.112 -9.112 18.523 18.523 18.523 129.970 129.970 285.900 285.900 285.900 410.828 410.828 410.828 373.880 373.880 319.603 319.603 319.603 208.101 208.101 208.101 190.202 190.202 263.604 263.604 263.604 371.887 371.887 371.887 461.360 461.360 498.327 498.327 498.327 376.466 376.466 376.466 456.913 456.913 569.270 569.270
